Bayes rule classifier

Overall accuracy: 0.8764920828247544
Producer's accuracy: [0.97193347 0.64840183 0.9980315  0.86034659 0.93475816 0.83776091
 0.91531223 0.83214568]
User's accuracy: [0.84310189 1.         0.8637138  0.98139535 0.97079439 0.67097264
 0.96223022 0.86502058]
Confusion matrix:
array([[ 935,    0,    0,    3,    0,   24,    0,    0],
       [   0,  568,    0,    0,    0,  287,   15,    6],
       [   0,    0, 1014,    0,    0,    1,    0,    1],
       [ 110,    0,    0,  844,    7,   20,    0,    0],
       [   0,    0,    0,   10,  831,   48,    0,    0],
       [  64,    0,   27,    3,   18,  883,    1,   58],
       [   0,    0,    0,    0,    0,    0, 1070,   99],
       [   0,    0,  133,    0,    0,   53,   26, 1051]])


================================================================================
Support vector machine

Overall accuracy: 0.6773447015826097
Producer's accuracy: [0.75883576 0.96803653 0.99507874 0.35881753 0.         0.56072106
 0.97262618 0.70625495]
User's accuracy: [0.67095588 0.94222222 0.9300828  1.         0.         0.26802721
 0.92139384 0.66369048]
Confusion matrix:
array([[ 730,   52,    0,    0,    0,  178,    0,    2],
       [   4,  848,    0,    0,    0,   19,    0,    5],
       [   0,    0, 1011,    0,    0,    1,    0,    4],
       [ 320,    0,    0,  352,    0,  309,    0,    0],
       [   0,    0,    0,    0,    0,  874,    0,   15],
       [  34,    0,   34,    0,    0,  591,    1,  394],
       [   0,    0,    0,    0,    0,    0, 1137,   32],
       [   0,    0,   42,    0,    0,  233,   96,  892]])
